Weights loaded!
[0.5513768  0.5482231  0.5472507  0.54449624 0.54288346 0.5390785
 0.53781503 0.53636533 0.5352576  0.5346233  0.53420085 0.5333275
 0.53282624 0.5322809  0.53220683 0.5315114  0.5299347  0.52963895
 0.52918386 0.528597   0.52776504 0.52770656 0.527584   0.5275286
 0.52751297 0.5261146  0.5254037  0.52519387 0.5247641  0.52459604
 0.5245893  0.5241817  0.52403176 0.52366096 0.5231705  0.52271324
 0.52267176 0.5224687  0.5218508  0.5218503  0.52183366 0.52162874
 0.52153176 0.52118075 0.52092266 0.52090406 0.5207771  0.5201713
 0.51994365 0.51993597 0.5197462  0.51938856 0.5192194  0.5190123
 0.5185873  0.5185209  0.5182571  0.5182497  0.518211   0.51797444
 0.5176886  0.5171718  0.51629764 0.5162535  0.51608545 0.51595485
 0.5157137  0.5133242  0.51307446 0.51305485 0.5127285  0.5126851
 0.5123953  0.5118332  0.51161695 0.51097924 0.5106223  0.51024055
 0.5101139  0.5090675  0.50886685 0.50846905 0.5068742  0.5066682
 0.50656074 0.5061383  0.5048021  0.5042491  0.5037202  0.5035106
 0.50284404 0.50242484 0.5014359  0.50090796 0.50081706 0.5003343
 0.4999988  0.4989534  0.49798208 0.49730328]
[0.503442   0.5034075  0.50294876 0.50269634 0.5017737  0.4950667
 0.4947459  0.4921389  0.49134424 0.48948467 0.48918015 0.4883934
 0.4882003  0.48767653 0.48709556 0.48697218 0.4862021  0.48618838
 0.48544365 0.4854031  0.48527402 0.48522756 0.4847525  0.48426002
 0.48397663 0.48340404 0.4833426  0.4830952  0.4829932  0.482668
 0.4822416  0.48202556 0.4811816  0.48096552 0.4801977  0.4800514
 0.4797338  0.4795376  0.47947    0.4794267  0.47909957 0.4786568
 0.47748035 0.47707608 0.47683796 0.47666982 0.47666347 0.4764772
 0.47644657 0.4764116  0.47617313 0.4758935  0.475882   0.47586018
 0.47566715 0.47530442 0.4748657  0.4744113  0.47382912 0.47338834
 0.473161   0.4730425  0.47259545 0.47210366 0.47181767 0.47103056
 0.47095123 0.46927762 0.4689289  0.46858835 0.46839988 0.46834752
 0.46833485 0.46807364 0.46726075 0.4658281  0.46556154 0.46447983
 0.46408924 0.46390995 0.46373135 0.4631277  0.46304438 0.4628143
 0.4626474  0.46236655 0.46231726 0.4620687  0.46193543 0.46160266
 0.4606771  0.46009004 0.46000782 0.45733666 0.45706305 0.45676738
 0.4536992  0.4532568  0.45223936 0.450687  ]
[0.60142756 0.5971427  0.59453434 0.5933521  0.592893   0.59252095
 0.5919145  0.5913068  0.59060854 0.590271   0.58908993 0.58878464
 0.5887371  0.5875872  0.5875767  0.58736265 0.5869383  0.5866243
 0.5862347  0.5860389  0.5858632  0.5850294  0.58426744 0.58396465
 0.58383614 0.58372027 0.5836388  0.5831354  0.582939   0.58283824
 0.582792   0.5817842  0.5810332  0.5807883  0.5805875  0.5805396
 0.5805059  0.58046544 0.58030295 0.5802817  0.58018625 0.5800023
 0.57959265 0.57937956 0.57929087 0.5784094  0.5784034  0.5777968
 0.5777157  0.57768035 0.5776772  0.57754546 0.5775023  0.576955
 0.5767629  0.5766528  0.57648915 0.57644755 0.57635266 0.5762402
 0.57610005 0.5757329  0.5756693  0.5753851  0.574875   0.574769
 0.57437027 0.57361823 0.5735991  0.57357484 0.57318765 0.5726305
 0.57244384 0.5723659  0.5718996  0.5718101  0.5717463  0.57165897
 0.571468   0.5711788  0.57005036 0.5697565  0.56965643 0.5682776
 0.5679828  0.56787163 0.5667757  0.5667208  0.56646526 0.56623495
 0.56604856 0.56603456 0.56592876 0.56452173 0.5640285  0.56393695
 0.5616168  0.5615104  0.5605451  0.5583967 ]
[0.58963495 0.5872902  0.5867853  0.5866541  0.58456063 0.58373815
 0.58226645 0.5813239  0.5802512  0.57933    0.5793048  0.5788887
 0.5781883  0.5781025  0.5777918  0.57739776 0.5771665  0.57712805
 0.57675093 0.5766346  0.5765246  0.57648116 0.5756573  0.57546765
 0.5754262  0.5752131  0.5749794  0.57462424 0.5740475  0.573592
 0.5735156  0.57339245 0.57336295 0.5733528  0.57334733 0.5733125
 0.5730788  0.57293904 0.5726288  0.5725449  0.5724899  0.5723665
 0.57217765 0.5719245  0.5714729  0.5711374  0.5710304  0.5709396
 0.5707628  0.5705168  0.5704278  0.5700502  0.57001245 0.5697401
 0.56962997 0.56866693 0.5677499  0.56761974 0.5675987  0.567436
 0.5669259  0.5666084  0.5656291  0.5656158  0.56552726 0.5655177
 0.5652042  0.5651164  0.5650515  0.56483006 0.5645653  0.5644201
 0.5642737  0.5637291  0.5635681  0.5632436  0.56323344 0.5630286
 0.562841   0.56281984 0.5618383  0.56165856 0.5614998  0.5611139
 0.5608165  0.5606919  0.5604644  0.5600059  0.55981445 0.55805486
 0.5579289  0.5577482  0.5566349  0.55643    0.55628324 0.5538188
 0.5529623  0.5518045  0.54850465 0.54662275]
[0.5975602  0.593228   0.59237313 0.5883975  0.58791685 0.5877455
 0.58679295 0.5854106  0.58375293 0.5835009  0.58306813 0.5826369
 0.5819334  0.580926   0.5805062  0.5804076  0.5804064  0.579538
 0.57927585 0.5791482  0.57888263 0.57881963 0.5785411  0.57850015
 0.5784983  0.5776832  0.57715195 0.5763496  0.57599145 0.57591516
 0.57547104 0.57496464 0.5748968  0.57479966 0.57445097 0.5744176
 0.57438695 0.5740408  0.57391626 0.5738502  0.5736631  0.5735579
 0.57313985 0.5731323  0.5728224  0.57276034 0.5725219  0.5723863
 0.57232594 0.5720467  0.5718523  0.5714543  0.5711422  0.5708275
 0.57081753 0.570705   0.5706314  0.5695471  0.569473   0.56924003
 0.56881815 0.56862074 0.568558   0.56829226 0.56828845 0.5681916
 0.5678663  0.5675564  0.56714684 0.56712365 0.5669857  0.5666951
 0.565767   0.5656712  0.5650799  0.5648935  0.56486404 0.5646844
 0.5641783  0.5637502  0.56348205 0.56303257 0.56285864 0.5626712
 0.5621159  0.56195927 0.5607882  0.56020993 0.56007934 0.55939394
 0.5588869  0.55801016 0.5577117  0.55572295 0.5555681  0.55445033
 0.5544127  0.55392754 0.55051446 0.5495712 ]
[0.6558008  0.6536608  0.6519395  0.6517686  0.64936644 0.64557254
 0.6453744  0.6447887  0.6442748  0.64350647 0.64336663 0.6427431
 0.64247113 0.6423872  0.64208233 0.6414691  0.6413766  0.64132464
 0.6410833  0.6410532  0.64101946 0.64039433 0.6403199  0.64001995
 0.6396613  0.6392773  0.639239   0.63906926 0.63871217 0.63863754
 0.63852704 0.63810873 0.6379387  0.63774353 0.6376072  0.63747454
 0.63704866 0.6368554  0.63680655 0.6368005  0.63677263 0.6363767
 0.6359196  0.6358647  0.6358608  0.6358539  0.63515854 0.6351575
 0.6350427  0.63497245 0.63473904 0.6344903  0.6341506  0.6329641
 0.63285434 0.6325348  0.6321083  0.63202685 0.6319265  0.63180536
 0.630951   0.6292384  0.6291634  0.6291181  0.62902486 0.62893444
 0.6288893  0.6287866  0.62877    0.62855655 0.6285449  0.62783307
 0.6278244  0.6276985  0.6268865  0.6268748  0.6266871  0.6259207
 0.62582654 0.62580025 0.62557966 0.62537926 0.6249701  0.6245062
 0.62395567 0.6239072  0.6231548  0.62273073 0.62234306 0.62229246
 0.62218815 0.62076527 0.62038714 0.6189205  0.6180225  0.6174851
 0.61468804 0.614612   0.6143366  0.612534  ]
[0.57201385 0.5709066  0.5701314  0.56912315 0.56859297 0.56718236
 0.5668062  0.5661829  0.56555986 0.56518525 0.56488854 0.56475586
 0.5645761  0.5643846  0.56392074 0.5635948  0.56289977 0.5628964
 0.5622572  0.56206244 0.5618354  0.5617049  0.56149656 0.5609988
 0.5609727  0.5609212  0.56080115 0.5607538  0.56026644 0.56023276
 0.5601991  0.55999774 0.5599308  0.5596614  0.5593338  0.55901664
 0.55890507 0.55885196 0.5587462  0.55871147 0.5581703  0.55788445
 0.55768776 0.55766237 0.5575183  0.55743057 0.55739903 0.55723804
 0.55707693 0.55677545 0.5561487  0.55592424 0.5558941  0.5555465
 0.5553325  0.5553226  0.55509484 0.5547193  0.55453116 0.554452
 0.55442935 0.55378497 0.5535648  0.55304706 0.5530088  0.55288494
 0.55287814 0.5523707  0.55233866 0.5522715  0.55194116 0.551858
 0.5512299  0.55073696 0.55053717 0.5504485  0.5502883  0.55000854
 0.54977757 0.5497586  0.5496471  0.54939723 0.54902613 0.5487547
 0.54855496 0.54851985 0.5481718  0.5476124  0.546886   0.54657257
 0.5462622  0.54618984 0.5444157  0.5439534  0.5436835  0.54319274
 0.5395919  0.5376148  0.5352823  0.5297836 ]
[0.64351857 0.6421246  0.64150715 0.6414604  0.63585144 0.63344324
 0.63323134 0.6323555  0.63232154 0.6314782  0.6309827  0.6308744
 0.6295667  0.6295633  0.6290527  0.6290019  0.628813   0.6286435
 0.6279188  0.6271367  0.6271326  0.6270007  0.62698656 0.62690794
 0.6266953  0.62621546 0.6258255  0.62472904 0.6246715  0.6245405
 0.62438047 0.6243538  0.6242912  0.62398523 0.62395585 0.62394375
 0.62365764 0.62355196 0.62344754 0.62310624 0.62306803 0.62279135
 0.62272817 0.6226226  0.622453   0.6221714  0.6219086  0.62150836
 0.62106556 0.62091523 0.62037486 0.6203651  0.6203152  0.61936754
 0.6180847  0.6180807  0.6179388  0.6178251  0.6176822  0.61730963
 0.6172148  0.6163514  0.61606264 0.6159463  0.6158836  0.615876
 0.6158103  0.6155592  0.61548424 0.6148906  0.6148026  0.6145536
 0.6143538  0.61434    0.61396354 0.61390966 0.6138037  0.6137551
 0.6135342  0.61280274 0.6123874  0.6123856  0.6103951  0.6097174
 0.6091504  0.6087054  0.6084397  0.60828686 0.6082448  0.60818154
 0.6072794  0.60573775 0.6053571  0.60522103 0.60431206 0.6026131
 0.6019704  0.60194576 0.6008941  0.59721726]
[0.66565204 0.6634627  0.66242737 0.6620503  0.6605111  0.6546637
 0.6532338  0.65320253 0.65287095 0.65207446 0.65172625 0.6511242
 0.65090716 0.65079206 0.6506708  0.6499651  0.64994824 0.64950824
 0.6487869  0.64861643 0.6485953  0.64856756 0.6485441  0.6482542
 0.6476658  0.6473226  0.6471781  0.6468981  0.6467379  0.6467188
 0.6461011  0.64602035 0.6451606  0.6450561  0.64493906 0.64490706
 0.64484084 0.6444221  0.6444128  0.64434826 0.6442965  0.6442508
 0.6439496  0.6435933  0.64342475 0.64334077 0.6431894  0.64315164
 0.6428949  0.64274377 0.6426614  0.64237595 0.6420782  0.64086777
 0.64023143 0.639856   0.63961446 0.63906944 0.63896084 0.63877004
 0.63821745 0.63684785 0.6367294  0.63664144 0.6365675  0.63626736
 0.63626    0.635843   0.63573575 0.63571936 0.63534963 0.6353339
 0.63533115 0.6352905  0.6351013  0.63436776 0.63422287 0.63393056
 0.63342357 0.6330479  0.63281786 0.63233495 0.6323304  0.63224065
 0.63186145 0.6317116  0.63055307 0.62902194 0.6289474  0.6288832
 0.62845296 0.6273671  0.626893   0.6264782  0.62555045 0.6242297
 0.6222092  0.6204004  0.6191355  0.61857325]
[0.57434183 0.57296526 0.57004434 0.56915295 0.5689248  0.56889004
 0.5671978  0.5668553  0.56494796 0.56463546 0.5642729  0.56279993
 0.5627343  0.5623429  0.56183    0.56179446 0.56150377 0.5607816
 0.56077886 0.56076145 0.56015015 0.55990255 0.55962837 0.5596074
 0.5576648  0.5571909  0.55695903 0.5562835  0.5562825  0.55553013
 0.5554696  0.55527776 0.5552005  0.5551622  0.5542551  0.5541566
 0.5537838  0.55366755 0.55332434 0.5531456  0.55311066 0.55285645
 0.55278116 0.5527359  0.5527258  0.5516891  0.55168366 0.551344
 0.55132914 0.55115676 0.5510414  0.5509271  0.550846   0.55075455
 0.5502565  0.55002505 0.54968524 0.5496342  0.54960483 0.5493453
 0.5491929  0.5487553  0.54858595 0.54838455 0.5482476  0.5466223
 0.546263   0.54615915 0.54613155 0.54610914 0.5459648  0.5456504
 0.5455771  0.545348   0.54530436 0.5449091  0.5448528  0.54422385
 0.54359096 0.54302055 0.5428138  0.5421087  0.5416095  0.54052776
 0.5399312  0.53948724 0.53936535 0.5392423  0.5391154  0.53901005
 0.53805315 0.5377225  0.537307   0.5371797  0.5366979  0.53630275
 0.5342605  0.53376234 0.5328124  0.5326243 ]
[0.650498   0.6460354  0.6446165  0.6417889  0.6405301  0.6394508
 0.63912046 0.6388927  0.6383589  0.638189   0.63759124 0.63569856
 0.6354019  0.6352366  0.63410914 0.63408005 0.6336978  0.63358337
 0.6331162  0.63196707 0.6318136  0.6313431  0.63103074 0.63071877
 0.63016343 0.6300606  0.6299141  0.6298072  0.6294171  0.6292359
 0.62922376 0.6287312  0.6283035  0.6281041  0.6280742  0.6275103
 0.6273315  0.62713575 0.6267212  0.6249071  0.62469596 0.6246885
 0.62454385 0.62450373 0.6243925  0.6242497  0.62391454 0.6237933
 0.62374145 0.62354505 0.6234248  0.6229022  0.62283    0.62245756
 0.62238395 0.62212193 0.62190115 0.62184614 0.62170774 0.6216063
 0.62128943 0.6211463  0.62099504 0.6209095  0.6208306  0.61967343
 0.6189045  0.61821806 0.6180252  0.6179931  0.6177696  0.617433
 0.6172774  0.6166329  0.616476   0.61614454 0.61592305 0.61525154
 0.6152269  0.6142562  0.6139186  0.6138411  0.6124463  0.6121791
 0.61114484 0.6109278  0.610861   0.6105136  0.61047184 0.61041564
 0.609053   0.6088278  0.608524   0.60817015 0.60806847 0.6071558
 0.6069482  0.6069193  0.599944   0.5958641 ]
[0.5035883  0.50181264 0.5014213  0.4995365  0.4984912  0.49378017
 0.49189097 0.4913764  0.49016035 0.48791242 0.48755404 0.48734957
 0.48701152 0.4867199  0.48664245 0.48572227 0.4854297  0.4853212
 0.48478    0.48452163 0.48281825 0.482769   0.48210013 0.48186076
 0.48180032 0.4811503  0.48098096 0.48054332 0.48035553 0.48006502
 0.47947505 0.4793935  0.47919086 0.47901464 0.47887376 0.47877285
 0.47835383 0.4779369  0.47787684 0.477265   0.4768731  0.47642374
 0.4763955  0.47611678 0.47583428 0.47577173 0.47546175 0.47469023
 0.47467136 0.4744985  0.4743674  0.47428304 0.47413817 0.47392097
 0.47330147 0.47320434 0.47209033 0.47195345 0.47171676 0.47165856
 0.47114295 0.4710347  0.4706786  0.46944386 0.46883994 0.46883574
 0.46865764 0.46860254 0.46741766 0.46725997 0.46702075 0.4650055
 0.4642564  0.4640954  0.463588   0.46350116 0.46344304 0.46292773
 0.46289146 0.4627073  0.46268746 0.46132103 0.46096247 0.4599507
 0.4592773  0.45876896 0.45865875 0.45860028 0.45788565 0.45783877
 0.45770338 0.45654088 0.4564153  0.45613897 0.45601606 0.45490596
 0.45274618 0.45180747 0.45112392 0.45095795]
[0.6458076  0.641205   0.6394953  0.6393667  0.63767505 0.63424176
 0.63291204 0.6319432  0.6319269  0.63178843 0.63121074 0.6312006
 0.6310697  0.63098687 0.630682   0.63017654 0.6300937  0.62991184
 0.62974805 0.62960416 0.62857974 0.62852615 0.6284747  0.6283742
 0.6283108  0.62811714 0.6273153  0.6272756  0.62661153 0.6265699
 0.62610596 0.6259578  0.6258482  0.6258474  0.6256888  0.6253515
 0.62511396 0.6246859  0.6245767  0.62457424 0.62444013 0.6240708
 0.62400854 0.6237141  0.62346965 0.6233688  0.6233621  0.6231233
 0.6230005  0.6227923  0.62273794 0.62178534 0.62168664 0.62152475
 0.62144417 0.62116504 0.6209544  0.62068933 0.62006146 0.61969465
 0.61886513 0.6186188  0.61787635 0.6178289  0.6174782  0.6170837
 0.6169492  0.616501   0.6163356  0.61601573 0.61595976 0.6154294
 0.61539644 0.6150396  0.61497617 0.6149032  0.614786   0.6138434
 0.6134467  0.6133486  0.61260533 0.61249244 0.61244273 0.61185837
 0.61161375 0.6112764  0.6106428  0.61062133 0.6101759  0.60952693
 0.6094951  0.6094904  0.60860014 0.6077622  0.6061763  0.605955
 0.60303956 0.601678   0.6001676  0.5974637 ]
[0.5949302  0.59475243 0.5946582  0.591352   0.58885956 0.58845305
 0.58751285 0.58480185 0.5840084  0.5830961  0.5825964  0.5824572
 0.5816954  0.5816692  0.5816557  0.5810943  0.5806982  0.580608
 0.57981694 0.57925695 0.579207   0.5788014  0.57866734 0.57858735
 0.57845837 0.5783934  0.578159   0.5776061  0.57754666 0.5773794
 0.57727206 0.5769363  0.575901   0.57589126 0.57566416 0.5752741
 0.57519186 0.57514036 0.5750047  0.57488286 0.57471734 0.5745069
 0.57420325 0.573711   0.5734008  0.5729301  0.5726053  0.5722155
 0.57204443 0.572021   0.57195914 0.5718811  0.5716662  0.57112485
 0.5710595  0.5710406  0.5710352  0.56947416 0.5692887  0.56908894
 0.56893617 0.5688675  0.5687076  0.56845534 0.5680331  0.56796086
 0.56789374 0.56779057 0.567673   0.56687987 0.5667945  0.56671685
 0.5654231  0.5651607  0.5650077  0.5649063  0.56488293 0.5644735
 0.5633507  0.5625536  0.5618895  0.56181973 0.561634   0.5613427
 0.5612637  0.5606957  0.5603269  0.5594582  0.55923074 0.5591897
 0.5591736  0.5582483  0.55773425 0.5559942  0.55539846 0.5535542
 0.55286837 0.5526611  0.55046713 0.54988045]
[0.48191747 0.48038018 0.4798037  0.47935846 0.4789496  0.47418937
 0.47304836 0.4696276  0.46929106 0.46846306 0.4682534  0.46785697
 0.46784523 0.46670136 0.46617115 0.4658375  0.46503678 0.46496472
 0.46472028 0.46431202 0.4642711  0.46396983 0.46372792 0.46367303
 0.463261   0.46284074 0.46266627 0.46237046 0.46219274 0.4621747
 0.46196318 0.46172446 0.46146873 0.46065432 0.46038875 0.4600436
 0.459944   0.45956695 0.45931533 0.45895746 0.45887643 0.45869175
 0.45771632 0.45761788 0.45676962 0.45669135 0.45603824 0.45579132
 0.45551592 0.45524982 0.4552428  0.4551514  0.45505324 0.45500278
 0.4547118  0.45425767 0.4542461  0.45394802 0.45368168 0.45359233
 0.4531426  0.45260772 0.45206493 0.4517741  0.45156527 0.45116532
 0.4500678  0.44953033 0.44944647 0.44922405 0.4488006  0.44836155
 0.44673407 0.44667384 0.44561234 0.44558254 0.44558254 0.4452071
 0.44489527 0.44465756 0.44457257 0.4440153  0.44397202 0.44360068
 0.44340917 0.44320112 0.4428019  0.44235674 0.4422857  0.44220382
 0.4414986  0.44110665 0.44081226 0.44066346 0.4400479  0.43715858
 0.43702677 0.43697003 0.43200818 0.42817357]
[0.6352669  0.63332665 0.6315654  0.62711304 0.62550104 0.6249972
 0.62441975 0.624211   0.6238228  0.6230078  0.62273276 0.622725
 0.6225887  0.6220574  0.62178516 0.62077034 0.62069625 0.62021357
 0.6201297  0.6194574  0.61875975 0.618304   0.61814344 0.61731887
 0.61707443 0.6169768  0.61695504 0.6166875  0.6157928  0.6151344
 0.6150717  0.6148842  0.6144402  0.6140279  0.6136968  0.6135865
 0.61320144 0.6122541  0.61218417 0.6119627  0.6119238  0.6115312
 0.6113836  0.6111474  0.6109001  0.61078966 0.61062276 0.61043
 0.609411   0.60900235 0.6089279  0.60865957 0.60828745 0.6078525
 0.6077707  0.607153   0.6070605  0.60682505 0.60599357 0.60579926
 0.6053838  0.60482264 0.604803   0.6047923  0.60470396 0.6046847
 0.6045033  0.60437346 0.60396516 0.60378116 0.6036945  0.603532
 0.6034896  0.6032681  0.60312676 0.6029768  0.6029732  0.60265636
 0.60255796 0.60023034 0.5998878  0.59944504 0.5994003  0.5987762
 0.5983244  0.59827846 0.5976373  0.59727013 0.59695596 0.5952862
 0.59513164 0.5944297  0.594331   0.59386593 0.5933779  0.5932693
 0.59318197 0.589287   0.5880263  0.5874645 ]
[0.5719254  0.57128924 0.5706382  0.57007253 0.5698432  0.5646535
 0.5616231  0.56084925 0.56069237 0.56039256 0.56000006 0.55998445
 0.55985194 0.55878323 0.5584294  0.5582412  0.55795693 0.55755204
 0.5574183  0.55679274 0.5564206  0.55620205 0.5558032  0.5556247
 0.5552059  0.5551061  0.5547666  0.5546214  0.5541456  0.5529789
 0.55293787 0.5528375  0.5521267  0.55185974 0.5516237  0.55140746
 0.55140084 0.55136186 0.55135745 0.5511403  0.5510861  0.551047
 0.55090785 0.5508932  0.5508597  0.5508373  0.5502699  0.5499506
 0.54962075 0.54886293 0.54860246 0.548461   0.54829353 0.54823786
 0.54798734 0.5478398  0.54708415 0.5458447  0.5457422  0.5449662
 0.54435045 0.54432094 0.54400706 0.5439786  0.543933   0.54373777
 0.5434675  0.54334503 0.54295325 0.54239935 0.5415296  0.5415113
 0.5412643  0.54050845 0.5399826  0.53951126 0.5392146  0.5390379
 0.53894305 0.5387966  0.5387343  0.53835946 0.53834707 0.53748
 0.5368428  0.53678834 0.5364173  0.53563976 0.53540766 0.5347202
 0.53460664 0.5342626  0.5342133  0.5312908  0.5312175  0.528424
 0.5282626  0.52818537 0.5269947  0.5257699 ]
[0.564163   0.55948    0.5583825  0.55801827 0.5576958  0.55765796
 0.55621666 0.55578655 0.55411935 0.5535697  0.5530258  0.552729
 0.55268645 0.55244005 0.55238575 0.5520488  0.5515156  0.5512287
 0.5510863  0.55083233 0.5506061  0.5504616  0.54955655 0.548537
 0.54820335 0.5468515  0.54683226 0.5465074  0.54631454 0.54574186
 0.5453945  0.54504114 0.544804   0.5445511  0.5442948  0.5441467
 0.5437298  0.5436519  0.5435731  0.5435309  0.54311085 0.54295254
 0.54291946 0.5428763  0.5428186  0.5426736  0.54259515 0.5425839
 0.54193884 0.54193115 0.5416694  0.5415988  0.541399   0.5413907
 0.5406908  0.54067504 0.54057705 0.5404368  0.54017615 0.53981966
 0.53971136 0.53905964 0.5388561  0.5382266  0.5380428  0.5379083
 0.5374555  0.5371616  0.53692037 0.5369019  0.5365549  0.53642064
 0.5361483  0.53566545 0.535266   0.5350739  0.53475577 0.5343692
 0.53412217 0.53368956 0.5333189  0.5327505  0.531997   0.53155977
 0.5313913  0.53101474 0.5309245  0.5306954  0.53049356 0.53035164
 0.52994436 0.52950746 0.5294997  0.5287323  0.5279526  0.52679515
 0.52673215 0.52316594 0.52261174 0.52109873]
[0.5104243  0.5100978  0.510013   0.50685674 0.5051703  0.5002678
 0.49984187 0.49953824 0.49797335 0.496096   0.49498138 0.4943694
 0.4940057  0.49388552 0.4937546  0.49364802 0.49334225 0.49331856
 0.4911167  0.49103108 0.49038815 0.49018744 0.4900434  0.49001008
 0.48987812 0.48943427 0.489233   0.48922586 0.4889679  0.48868075
 0.488397   0.48780313 0.4869558  0.48666885 0.48658496 0.48517236
 0.48490402 0.4848     0.4845173  0.4843871  0.48435086 0.48427668
 0.48405033 0.48394758 0.48388493 0.48346555 0.4830065  0.4828167
 0.48275235 0.48254734 0.48231575 0.48221198 0.48207265 0.4820415
 0.4818009  0.48174754 0.48154256 0.4809569  0.48038885 0.48009875
 0.47960654 0.47955915 0.47838035 0.47817868 0.4781652  0.47745863
 0.4769687  0.47644365 0.47579888 0.47553346 0.47497523 0.47477856
 0.47467723 0.474462   0.4735188  0.47324732 0.4731191  0.472052
 0.47143126 0.47116297 0.4698956  0.46941388 0.46925232 0.46922743
 0.46899804 0.468939   0.46884084 0.46809724 0.46808377 0.46801242
 0.46609768 0.464947   0.46447912 0.4644372  0.4618379  0.46090811
 0.46055138 0.45974806 0.4592255  0.45921806]
[0.50290245 0.49501342 0.49385634 0.4914079  0.49029127 0.48890686
 0.48879626 0.48868454 0.48867553 0.4884017  0.48798668 0.48729414
 0.48678148 0.48650086 0.48634914 0.484021   0.48397562 0.48390058
 0.48358145 0.48317355 0.4827168  0.4824374  0.48235202 0.48202544
 0.48181272 0.48179755 0.48129496 0.48112154 0.48109853 0.48099622
 0.48055205 0.4800115  0.4798078  0.47977737 0.47969726 0.47954643
 0.47910914 0.4787762  0.4787076  0.47861835 0.47782415 0.47771084
 0.47770464 0.47741336 0.47739813 0.4772657  0.47709072 0.47702822
 0.47671485 0.47663888 0.4765034  0.4764193  0.4761973  0.47611454
 0.47604242 0.4758382  0.47577253 0.47558582 0.47557455 0.4748647
 0.47433582 0.47417247 0.47411555 0.47346523 0.47330886 0.47325763
 0.47244292 0.4722039  0.4721618  0.47161546 0.47160706 0.47121674
 0.47076967 0.4706087  0.47052974 0.47051284 0.4704224  0.47015968
 0.46933278 0.46929044 0.46917522 0.4690607  0.4688774  0.4687528
 0.46863946 0.4684997  0.46841013 0.46839857 0.46736103 0.46732327
 0.46672413 0.46521536 0.46447057 0.464268   0.4627685  0.46259198
 0.4617893  0.45745367 0.45707402 0.4499796 ]
[0.48372573 0.47487816 0.47400132 0.47331557 0.47183016 0.47107592
 0.46804023 0.46718314 0.46660048 0.46636194 0.465098   0.46490076
 0.46418962 0.46412057 0.4639998  0.46385664 0.4634203  0.46308783
 0.46235162 0.462294   0.46192062 0.46166134 0.46160835 0.46031806
 0.45960885 0.45910347 0.45871854 0.4582132  0.45734814 0.45686013
 0.45544726 0.45498285 0.4545849  0.45453447 0.45446345 0.45350307
 0.45319995 0.45309597 0.45230648 0.451819   0.451807   0.4514444
 0.45135218 0.4504194  0.45034197 0.45026886 0.45013607 0.45013577
 0.44998974 0.44932798 0.44918737 0.4490493  0.4486139  0.44849235
 0.44844967 0.44829896 0.4466983  0.44668722 0.4455457  0.4451382
 0.4451279  0.44507897 0.44482738 0.4443462  0.4441856  0.4440958
 0.44390357 0.44347945 0.4431515  0.44298592 0.442105   0.44188786
 0.44187984 0.4414044  0.44046775 0.43969077 0.439221   0.43875653
 0.43848053 0.43696728 0.4368874  0.43677264 0.43626827 0.43607423
 0.4357584  0.4357184  0.43395758 0.43393144 0.43245107 0.43239912
 0.43236405 0.43223217 0.431784   0.4313885  0.4313838  0.43042526
 0.43035054 0.4289692  0.42835167 0.4268314 ]
[0.5630846  0.5628603  0.56255037 0.5607995  0.56061786 0.555459
 0.5537463  0.55290854 0.5524089  0.5514399  0.5512659  0.5505062
 0.5503877  0.54975665 0.54962194 0.54922557 0.54775107 0.54751235
 0.5473854  0.5471996  0.54719144 0.54702246 0.5468432  0.5467538
 0.54655087 0.54649234 0.54506296 0.5447523  0.5444382  0.54425794
 0.5442446  0.544221   0.5441663  0.5438676  0.5438481  0.5438088
 0.5434908  0.54346967 0.5434384  0.543367   0.5428085  0.5421011
 0.5420691  0.5414611  0.54122865 0.5407928  0.5404068  0.5399313
 0.5399236  0.5388194  0.53879476 0.538716   0.5379944  0.5379445
 0.5373635  0.5373622  0.5371019  0.53670496 0.5366704  0.5364113
 0.5354907  0.5351577  0.5344221  0.5341727  0.53380024 0.53362894
 0.5335767  0.5334912  0.5330921  0.53293234 0.5328362  0.53210855
 0.53207463 0.5319872  0.5311953  0.5308077  0.5307928  0.52917993
 0.5289155  0.5288284  0.52878654 0.5279734  0.52746576 0.52730554
 0.5269019  0.5254177  0.5248151  0.52472943 0.5245885  0.5232139
 0.5230935  0.52287436 0.522638   0.52236897 0.52231395 0.52133
 0.52082205 0.5183762  0.5170527  0.516949  ]
[0.51001066 0.50772643 0.5051639  0.504105   0.503134   0.50213754
 0.5021166  0.5018055  0.50148696 0.50109285 0.5007852  0.4992122
 0.49886662 0.4980219  0.49771205 0.49765807 0.49749804 0.49733624
 0.49726242 0.49710816 0.49696168 0.49624085 0.49603942 0.49596617
 0.49583593 0.49492046 0.49470794 0.49450672 0.4943223  0.49417844
 0.49278685 0.49268183 0.49268138 0.49266517 0.4925929  0.49229962
 0.49220768 0.49136022 0.49120405 0.49108547 0.49054226 0.4902103
 0.49015513 0.48973876 0.48962724 0.48960716 0.4894537  0.48939112
 0.48936942 0.48900026 0.4886828  0.48864016 0.48855558 0.4885083
 0.48829266 0.48813286 0.4876128  0.48743138 0.48722878 0.4872097
 0.48683047 0.48652813 0.48650244 0.48633918 0.48585662 0.4858161
 0.4854399  0.48538703 0.4853457  0.48529655 0.48514718 0.48490655
 0.48465788 0.48445234 0.48437366 0.48432463 0.48425874 0.48419875
 0.48413023 0.48410073 0.48401582 0.48391303 0.48381773 0.48373002
 0.4837052  0.48348144 0.48243985 0.4809214  0.48031503 0.48026422
 0.48014596 0.47996274 0.47951454 0.47913453 0.47551692 0.4738662
 0.47343814 0.47199538 0.469518   0.46267042]
[0.67874557 0.6770654  0.677064   0.67462605 0.670953   0.66671574
 0.66617817 0.66529477 0.66399056 0.66388017 0.6634822  0.6633918
 0.6629553  0.6626551  0.66158026 0.66147417 0.661285   0.6601252
 0.66004187 0.65860766 0.6585852  0.6585691  0.6581732  0.65719616
 0.6571301  0.65704316 0.65597886 0.65565896 0.65516394 0.655078
 0.65502685 0.6550108  0.65490496 0.65418607 0.6541136  0.65411156
 0.6541073  0.6534905  0.6534622  0.65344703 0.65323657 0.6530596
 0.65287393 0.6528558  0.6525657  0.6519222  0.6518617  0.6518063
 0.65105903 0.6507183  0.6504671  0.6500098  0.64995724 0.6493167
 0.6492616  0.6490069  0.64823866 0.64770025 0.6473944  0.647325
 0.6468362  0.6467237  0.6466988  0.6465079  0.64607996 0.64570856
 0.64524907 0.6451904  0.6451644  0.6450359  0.64479214 0.64460504
 0.6445598  0.644365   0.64436036 0.6438957  0.64387006 0.64351827
 0.64338577 0.64255476 0.6399469  0.63987404 0.63975966 0.63960475
 0.63945264 0.63933116 0.63839203 0.63826305 0.6364772  0.6361411
 0.6355876  0.6347638  0.6347491  0.6343533  0.6319365  0.63175553
 0.63155216 0.6292273  0.62731713 0.6247698 ]
[0.6731132  0.6695374  0.6690002  0.66449094 0.6611949  0.6577196
 0.65748334 0.65739626 0.65642667 0.6558417  0.6555412  0.65530485
 0.65517545 0.6547102  0.6539843  0.6537104  0.6525646  0.6524462
 0.6514965  0.65117526 0.65099347 0.65064454 0.6504085  0.6486183
 0.6481863  0.6474042  0.64731586 0.6472338  0.64646256 0.6462958
 0.6460896  0.6457684  0.6456145  0.6455796  0.6454098  0.6452615
 0.64495414 0.64469254 0.6445049  0.6444923  0.6441936  0.6435399
 0.6435291  0.6434131  0.6431919  0.6431633  0.6421552  0.64204466
 0.64202553 0.6414958  0.6414591  0.64117724 0.6407177  0.6404674
 0.64043    0.6403238  0.6401627  0.6392966  0.6390052  0.6388468
 0.63875484 0.6386611  0.63855356 0.6384198  0.638356   0.63822526
 0.63775873 0.63761    0.6373978  0.63704157 0.63698584 0.6367055
 0.6364197  0.63640505 0.6362269  0.6361613  0.63477135 0.6345587
 0.63436    0.6339727  0.6337392  0.63197696 0.6317642  0.6308358
 0.6298884  0.629567   0.62948436 0.62865674 0.6280099  0.62702525
 0.6265128  0.62632596 0.6261257  0.6253235  0.6235911  0.6228946
 0.6228196  0.6210107  0.61835176 0.6172143 ]
[0.60677516 0.6057903  0.60525316 0.60241336 0.60098183 0.60070616
 0.5989358  0.5971813  0.59717286 0.59713227 0.5969557  0.59664637
 0.59524584 0.5951948  0.5949406  0.5947873  0.5946451  0.5942005
 0.59383565 0.5934433  0.59266216 0.5922232  0.59206784 0.59155506
 0.59132487 0.5898523  0.589559   0.5892825  0.5892174  0.5889062
 0.58874637 0.58845735 0.58810925 0.5878786  0.58737326 0.58723515
 0.5871434  0.5869981  0.58641547 0.5861491  0.5851089  0.58509165
 0.58482945 0.5846871  0.5844687  0.58417684 0.5840949  0.58379966
 0.58369094 0.58365685 0.5833329  0.5832291  0.58321476 0.58311224
 0.58307064 0.58300334 0.5827818  0.58240694 0.5823567  0.58113706
 0.5809875  0.5802883  0.58022404 0.5799087  0.5797369  0.5793889
 0.57937586 0.5793681  0.5788028  0.5786509  0.57816654 0.5780611
 0.57791334 0.57772213 0.57748985 0.57742864 0.57678896 0.5764431
 0.5757838  0.5755032  0.57545036 0.5751527  0.57392466 0.573747
 0.5724487  0.57205045 0.57179856 0.5717407  0.57060236 0.57039404
 0.5702051  0.5696122  0.5688591  0.56884146 0.56878793 0.56856155
 0.56712925 0.5663147  0.5661885  0.5625553 ]
[0.48864615 0.48749447 0.48669788 0.4860173  0.48567343 0.48526338
 0.48475316 0.48470756 0.48405907 0.48388568 0.48343462 0.4831051
 0.48219547 0.48176667 0.4809055  0.48083457 0.48083374 0.48074535
 0.48058075 0.48045385 0.48019907 0.47941926 0.47903943 0.47874132
 0.4786891  0.4786438  0.47849086 0.47842434 0.47790217 0.47781184
 0.4774645  0.47745645 0.47725314 0.47713533 0.47710207 0.4765988
 0.47655916 0.47594517 0.47576174 0.475472   0.47534105 0.4752789
 0.47490308 0.4747922  0.47477844 0.47448906 0.47440642 0.47391304
 0.47387278 0.47377393 0.47366843 0.47357434 0.47353894 0.47352996
 0.47299522 0.4728616  0.47203046 0.47122648 0.4712008  0.47107157
 0.47084945 0.47070488 0.47060376 0.47043526 0.47040656 0.47040457
 0.46994466 0.46994254 0.46954492 0.46924955 0.46893546 0.46877894
 0.4683562  0.46821582 0.4681077  0.46793067 0.4678194  0.46753004
 0.46728766 0.46690986 0.4667714  0.46671498 0.46664435 0.46656483
 0.46574694 0.465326   0.4651941  0.46510407 0.4649106  0.46395373
 0.4639297  0.46344528 0.46159244 0.46127045 0.46108186 0.46038854
 0.45996672 0.45784098 0.45244047 0.4460304 ]
[0.61287254 0.61281747 0.6126556  0.6076941  0.606756   0.6059113
 0.6036691  0.60326785 0.6031463  0.6023463  0.6022968  0.60226864
 0.60199434 0.60143197 0.6006646  0.5998211  0.5997266  0.59948695
 0.5990303  0.598938   0.5986451  0.59817326 0.5976086  0.5976079
 0.59711295 0.59707433 0.5969703  0.59680843 0.59633124 0.5961747
 0.5958353  0.59582204 0.5957796  0.59573823 0.59540546 0.5953404
 0.5944686  0.59445727 0.59355223 0.59344363 0.59291947 0.59267646
 0.5923854  0.5923022  0.5921397  0.59203845 0.59191906 0.59160304
 0.5913673  0.5911911  0.5905288  0.5902396  0.5902003  0.5900858
 0.5895436  0.5894314  0.5894217  0.589286   0.58872944 0.58851564
 0.58843833 0.58832943 0.58781916 0.58770525 0.58762264 0.5875955
 0.5874684  0.5868602  0.5865721  0.5865665  0.5864352  0.5861286
 0.58602524 0.58578485 0.5857675  0.5847655  0.5845715  0.5840066
 0.5833368  0.58330387 0.58214265 0.5818189  0.5813124  0.581039
 0.58090633 0.5804461  0.580324   0.57942605 0.57928973 0.5788862
 0.578581   0.5780705  0.5774199  0.57642215 0.57623816 0.57223153
 0.5716164  0.5711927  0.5711867  0.5699467 ]
[0.66416276 0.66025674 0.6577003  0.6523163  0.6505269  0.64821553
 0.6470691  0.6467191  0.64564246 0.64473915 0.64457554 0.6438127
 0.6429547  0.64261365 0.64251834 0.6421129  0.6413972  0.6413854
 0.64132637 0.6404906  0.6384626  0.63804585 0.6378977  0.6374085
 0.63690454 0.6350009  0.63495964 0.6346521  0.6346059  0.63417995
 0.63416404 0.63389754 0.6334739  0.63340616 0.6327956  0.63271844
 0.63231385 0.6323076  0.63205624 0.63199735 0.6311064  0.63108426
 0.63101697 0.63098687 0.6309823  0.63097274 0.63085115 0.629934
 0.6298233  0.6296087  0.62945855 0.6288852  0.6288063  0.62857974
 0.6280554  0.6276105  0.6274992  0.6273788  0.6273586  0.627174
 0.6271394  0.6270015  0.62660193 0.6265165  0.62649983 0.6262528
 0.62553865 0.62544066 0.6251608  0.62512153 0.6243975  0.6242921
 0.6240872  0.62406343 0.62359923 0.6231882  0.6224649  0.621926
 0.62129897 0.6199005  0.61987394 0.6198023  0.6194559  0.61875886
 0.6183985  0.61794746 0.6174622  0.61450225 0.6143017  0.6136241
 0.61352587 0.6124141  0.61236024 0.6121417  0.61099803 0.6103221
 0.6097157  0.6064356  0.6063294  0.60555047]
[0.6377483  0.6353339  0.63448656 0.6315723  0.6280098  0.6250672
 0.62476027 0.6246078  0.62419873 0.62345463 0.62340975 0.62309813
 0.62203014 0.62139404 0.62124574 0.61985666 0.6197599  0.6193786
 0.6193353  0.6188588  0.6188487  0.6187606  0.6181     0.61764735
 0.6171087  0.6170153  0.6168309  0.616572   0.6164433  0.61634105
 0.61601853 0.6158721  0.6157611  0.6155745  0.6149169  0.61470133
 0.6144135  0.61437327 0.61420107 0.6140705  0.61383986 0.613665
 0.61361575 0.6130343  0.612901   0.6126834  0.6123784  0.6120717
 0.61203724 0.61171716 0.61148393 0.6113066  0.61127234 0.6108371
 0.6104787  0.6102146  0.61014456 0.60946596 0.6091786  0.60866964
 0.60843194 0.60820293 0.608056   0.6078453  0.6071449  0.6070339
 0.6070336  0.60690206 0.60684526 0.6068357  0.60672784 0.6066589
 0.60597163 0.6055231  0.6051338  0.60489714 0.6045279  0.60429317
 0.60407126 0.60348326 0.6031701  0.6024041  0.6022455  0.6019941
 0.6003943  0.6000549  0.59865445 0.59841233 0.5982976  0.5976973
 0.59764004 0.5970255  0.5968063  0.5959459  0.595858   0.59536445
 0.5940254  0.5926222  0.5914868  0.5890052 ]
[0.61477107 0.61246586 0.61099494 0.61068326 0.6079283  0.6068916
 0.60604817 0.60599256 0.60543376 0.60483027 0.6046763  0.60447663
 0.6043981  0.60367507 0.6035259  0.60335    0.6033062  0.60213166
 0.60188884 0.60188705 0.6017377  0.60142356 0.6009237  0.60025764
 0.600128   0.5995199  0.59948236 0.59922475 0.5989657  0.5989591
 0.5982647  0.5980765  0.597361   0.5967102  0.5963058  0.5963005
 0.5955477  0.5944602  0.5942895  0.59427464 0.5942128  0.5939128
 0.5937243  0.5934355  0.5933878  0.5932968  0.59328    0.5932418
 0.5932158  0.5931759  0.59270555 0.59268135 0.59228784 0.5922272
 0.5915046  0.5910466  0.590991   0.59097946 0.59093106 0.58992785
 0.58969915 0.5896693  0.58909076 0.58908117 0.58892196 0.5886958
 0.58797616 0.58795655 0.5879038  0.58790225 0.58783174 0.5874714
 0.5874152  0.5873426  0.5872309  0.5868867  0.5865322  0.58582455
 0.58557945 0.585296   0.5845726  0.5842762  0.5833896  0.5831188
 0.581736   0.58104104 0.58095646 0.5806766  0.58062375 0.58033067
 0.5803285  0.57991743 0.578935   0.5788126  0.57858676 0.57719064
 0.57640094 0.57587314 0.5757849  0.57338345]
[0.63293564 0.62915635 0.6290496  0.6281293  0.6277941  0.6262073
 0.62429434 0.62401664 0.6233249  0.6229347  0.6224375  0.62205535
 0.62202483 0.6218292  0.6217385  0.62171537 0.62117416 0.62098867
 0.6206421  0.62033373 0.6202621  0.6196246  0.61954826 0.61945504
 0.61901265 0.6188183  0.6186379  0.61792916 0.6178869  0.6176151
 0.61759955 0.61743027 0.61726505 0.6171972  0.6171364  0.6157093
 0.61569536 0.6154711  0.6153656  0.61527413 0.61481804 0.61460435
 0.614511   0.6142837  0.614197   0.6140192  0.6138287  0.6136922
 0.6135012  0.61343414 0.61319166 0.6125661  0.61224157 0.61213726
 0.6117947  0.61152965 0.61075824 0.6105563  0.61042124 0.6094894
 0.6091574  0.60893315 0.6087971  0.60801476 0.60799634 0.6078948
 0.6078614  0.60774255 0.6075796  0.6072249  0.60719174 0.60705835
 0.6070318  0.60656315 0.606227   0.60590905 0.6058402  0.6051038
 0.6047536  0.6045139  0.6043763  0.604152   0.60397744 0.60356593
 0.6034658  0.60335904 0.6032055  0.6030886  0.60275686 0.6023594
 0.6020886  0.6015562  0.6009855  0.59789866 0.59658056 0.5961413
 0.5958762  0.59489626 0.59441197 0.5939233 ]
[0.61830705 0.6150675  0.6137949  0.61143804 0.60963094 0.6090608
 0.6089254  0.60845    0.6082764  0.60768026 0.6075261  0.6073156
 0.60717314 0.6068287  0.60649955 0.6058558  0.60553175 0.6053095
 0.6050649  0.60506237 0.60455    0.60423017 0.60398126 0.6032629
 0.60322744 0.6020332  0.60196984 0.6018475  0.60175836 0.6013721
 0.6010068  0.6002007  0.60019606 0.59975135 0.59914756 0.5986131
 0.59854275 0.59806705 0.5980361  0.5978669  0.597471   0.5974665
 0.5967179  0.59668773 0.59658605 0.5964356  0.596293   0.5957897
 0.59558827 0.5948904  0.5948846  0.5946848  0.5945269  0.5942906
 0.5941395  0.59393    0.5938754  0.5938724  0.59359807 0.5935888
 0.5935788  0.5934937  0.59316    0.5925992  0.5924266  0.59237814
 0.5923105  0.59230155 0.59218585 0.5919081  0.59178144 0.5910956
 0.59106636 0.5905745  0.5901502  0.58959955 0.5891427  0.5891415
 0.5888964  0.58842593 0.5882375  0.58739525 0.58663136 0.5862118
 0.58587706 0.58493406 0.5849162  0.58461535 0.58461446 0.5841901
 0.58386075 0.5837431  0.58327246 0.58314764 0.5821366  0.5818482
 0.5812051  0.580352   0.5798093  0.57858604]
[0.6354122  0.63511395 0.6349573  0.63250285 0.63108575 0.6259329
 0.62538856 0.62511146 0.6235971  0.62271225 0.62210345 0.62186795
 0.62163615 0.6214084  0.62139994 0.6212467  0.6206565  0.6199392
 0.6194927  0.6185081  0.618374   0.61833644 0.61781895 0.61779636
 0.61766905 0.6176326  0.61747164 0.6174173  0.6171651  0.61641574
 0.6162228  0.61603034 0.6159908  0.61595404 0.6157654  0.61563253
 0.61483747 0.61471087 0.6147036  0.6146574  0.6144644  0.61358017
 0.61320925 0.6131084  0.61309195 0.61304516 0.612869   0.61218446
 0.61176026 0.6112961  0.61061573 0.6105837  0.6104936  0.61034477
 0.6090782  0.6089809  0.60886735 0.60859853 0.6079881  0.6072097
 0.6068157  0.60677373 0.60645384 0.6063827  0.60626847 0.6062308
 0.6062223  0.60606223 0.6052707  0.60499275 0.6048234  0.60481197
 0.60470337 0.6044846  0.60447747 0.60441685 0.6043235  0.6039317
 0.6027903  0.6027066  0.60233295 0.6019492  0.6012432  0.6002117
 0.6000684  0.5978729  0.59759986 0.59710896 0.5970176  0.59699565
 0.59667665 0.5965245  0.5956763  0.59549075 0.59389055 0.593043
 0.59291047 0.5903271  0.59029454 0.5876694 ]
[0.59919477 0.59703493 0.5965092  0.5964175  0.59458447 0.59443474
 0.59423804 0.5919718  0.5915555  0.5912335  0.59101915 0.5907612
 0.59043425 0.590219   0.59014535 0.58984137 0.58981854 0.5896286
 0.58949745 0.58941215 0.588762   0.58849025 0.58821267 0.5879687
 0.5876462  0.58748615 0.5870971  0.58708215 0.58676356 0.58636117
 0.5858963  0.58581513 0.5857456  0.58540887 0.58539295 0.58536154
 0.5853606  0.5850535  0.5849497  0.58384705 0.5838318  0.58381176
 0.58360034 0.5835968  0.58335155 0.5831818  0.5827547  0.58256763
 0.5825201  0.58241177 0.5824095  0.5822218  0.5819962  0.58174795
 0.5817034  0.58168423 0.5814487  0.5814372  0.5812951  0.5812499
 0.57923853 0.57878464 0.5777888  0.5776294  0.5776208  0.57751346
 0.57732534 0.5772177  0.57708776 0.57672715 0.57664543 0.5765874
 0.57653147 0.57635707 0.5760863  0.57594824 0.5758774  0.57551634
 0.5752588  0.57461876 0.5740445  0.57402104 0.5739097  0.57380503
 0.57362336 0.57339585 0.57329106 0.573052   0.572622   0.57242787
 0.57236564 0.5722304  0.57152534 0.568849   0.5672417  0.5666379
 0.56662136 0.564721   0.562124   0.56039786]
[0.5696396  0.5666403  0.56519425 0.5638427  0.56248534 0.56234086
 0.5619707  0.56048775 0.5603321  0.5592756  0.5586278  0.5585428
 0.55837363 0.5583022  0.5582814  0.5570064  0.55641377 0.55640996
 0.5559801  0.555363   0.5549699  0.55452186 0.5543609  0.55315214
 0.55292624 0.5514554  0.5513525  0.5508588  0.55062276 0.55036026
 0.5497003  0.5496611  0.5495383  0.54940265 0.54920745 0.5490521
 0.5490399  0.5485374  0.5479712  0.54794997 0.5475964  0.547241
 0.546864   0.54666257 0.5463641  0.54629713 0.5461476  0.54608905
 0.54564065 0.5451831  0.5451566  0.5444918  0.5442872  0.5440596
 0.5437925  0.5437461  0.54339504 0.5431364  0.5430241  0.54301095
 0.5428782  0.5420225  0.5408108  0.5406898  0.54050124 0.5403207
 0.5401233  0.5399709  0.5391902  0.53917253 0.539152   0.5389734
 0.538527   0.5385014  0.53839433 0.5383639  0.53821754 0.53769815
 0.5372413  0.53694093 0.5360817  0.5349174  0.5339336  0.5332205
 0.5329462  0.53269184 0.53195745 0.53183913 0.5316982  0.5315403
 0.5313776  0.53104675 0.53051275 0.53032637 0.5302421  0.5297025
 0.5283308  0.52769786 0.52688265 0.52595097]
